# Force       
# CofR        : (-4.050000e-02 0.000000e+00 -1.100000e-02)
#
# Time        	total_x total_y total_z	pressure_x pressure_y pressure_z	viscous_x viscous_y viscous_z
25             1.454012e+02 -1.702331e+02 4.415007e+02 1.154697e+02 -1.709267e+02 4.434588e+02 2.993150e+01 6.936299e-01 -1.958066e+00
50             1.377226e+02 -1.513949e+02 4.146287e+02 1.088930e+02 -1.524164e+02 4.161592e+02 2.882962e+01 1.021438e+00 -1.530581e+00
75             9.051239e+01 -1.621343e+02 6.388929e+02 6.198116e+01 -1.632741e+02 6.401215e+02 2.853123e+01 1.139849e+00 -1.228540e+00
100            1.362845e+02 -3.163925e+02 8.519609e+02 1.080105e+02 -3.176975e+02 8.529030e+02 2.827398e+01 1.304951e+00 -9.420997e-01
125            1.125634e+02 -1.689484e+02 4.417514e+02 8.436522e+01 -1.704378e+02 4.423889e+02 2.819823e+01 1.489489e+00 -6.374892e-01
150            -2.255295e+01 2.273899e+02 -9.779958e+00 -5.076990e+01 2.258014e+02 -9.351984e+00 2.821695e+01 1.588505e+00 -4.279745e-01
175            2.332746e+02 -4.377297e+02 5.347729e+02 2.050072e+02 -4.393012e+02 5.351656e+02 2.826743e+01 1.571539e+00 -3.927347e-01
200            -2.421170e+02 6.560161e+02 1.335292e+02 -2.704133e+02 6.544517e+02 1.339036e+02 2.829632e+01 1.564377e+00 -3.744161e-01
225            1.996408e+02 -3.062383e+02 3.057173e+02 1.713240e+02 -3.077987e+02 3.060802e+02 2.831673e+01 1.560421e+00 -3.628608e-01
250            2.297524e-01 1.042313e+02 2.749072e+02 -2.810323e+01 1.026777e+02 2.752631e+02 2.833299e+01 1.553613e+00 -3.558435e-01
275            2.094358e+02 -3.371712e+02 3.413109e+02 1.810901e+02 -3.387224e+02 3.416601e+02 2.834579e+01 1.551278e+00 -3.491199e-01
300            -4.313470e+01 1.983044e+02 2.605647e+02 -7.149143e+01 1.967570e+02 2.609091e+02 2.835673e+01 1.547380e+00 -3.443756e-01
325            1.897167e+02 -2.970933e+02 3.211767e+02 1.613510e+02 -2.986386e+02 3.215169e+02 2.836569e+01 1.545317e+00 -3.401685e-01
350            -6.628175e+01 2.600360e+02 1.956316e+02 -9.465542e+01 2.584930e+02 1.959682e+02 2.837367e+01 1.543092e+00 -3.365780e-01
375            2.916413e+02 -5.175087e+02 3.624313e+02 2.632605e+02 -5.190493e+02 3.627651e+02 2.838077e+01 1.540536e+00 -3.338142e-01
400            -6.102623e+01 2.512299e+02 1.730892e+02 -8.941302e+01 2.496914e+02 1.734207e+02 2.838678e+01 1.538497e+00 -3.314866e-01
425            1.994268e+02 -3.203718e+02 3.256995e+02 1.710348e+02 -3.219090e+02 3.260287e+02 2.839203e+01 1.537255e+00 -3.292527e-01
450            -1.692871e+01 1.513371e+02 2.140664e+02 -4.532550e+01 1.498008e+02 2.143934e+02 2.839679e+01 1.536373e+00 -3.270235e-01
475            2.032933e+02 -3.309986e+02 3.443310e+02 1.748920e+02 -3.325341e+02 3.446559e+02 2.840131e+01 1.535463e+00 -3.249287e-01
500            -1.058319e+01 1.396568e+02 2.089129e+02 -3.898867e+01 1.381222e+02 2.092359e+02 2.840548e+01 1.534649e+00 -3.229714e-01
525            1.795800e+02 -2.765446e+02 3.184391e+02 1.511706e+02 -2.780787e+02 3.187602e+02 2.840937e+01 1.534080e+00 -3.210701e-01
550            5.314428e+00 1.064306e+02 2.118139e+02 -2.309860e+01 1.048970e+02 2.121332e+02 2.841303e+01 1.533626e+00 -3.192121e-01
575            1.758424e+02 -2.634940e+02 2.986621e+02 1.474258e+02 -2.650272e+02 2.989796e+02 2.841654e+01 1.533122e+00 -3.174803e-01
600            3.917517e+00 1.138481e+02 1.927204e+02 -2.450236e+01 1.123155e+02 1.930363e+02 2.841987e+01 1.532618e+00 -3.158492e-01
625            1.720877e+02 -2.512987e+02 2.807344e+02 1.436647e+02 -2.528309e+02 2.810487e+02 2.842307e+01 1.532170e+00 -3.142836e-01
650            -1.637318e+00 1.280431e+02 1.786626e+02 -3.006344e+01 1.265114e+02 1.789754e+02 2.842612e+01 1.531701e+00 -3.127966e-01
675            1.696803e+02 -2.450827e+02 2.743197e+02 1.412513e+02 -2.466140e+02 2.746310e+02 2.842906e+01 1.531253e+00 -3.113857e-01
700            3.614832e+01 4.566251e+01 1.997317e+02 7.716618e+00 4.413130e+01 2.000417e+02 2.843171e+01 1.531208e+00 -3.099514e-01
