# Moment      
# CofR        : (-4.050000e-02 0.000000e+00 -1.100000e-02)
#
# Time        	total_x total_y total_z	pressure_x pressure_y pressure_z	viscous_x viscous_y viscous_z
25             2.647482e+01 1.060718e+02 4.113504e+01 2.672065e+01 1.076745e+02 4.531449e+01 -2.458220e-01 -1.602661e+00 -4.179443e+00
50             2.468542e+01 8.492826e+01 2.826616e+01 2.487496e+01 8.637922e+01 3.242954e+01 -1.895359e-01 -1.450959e+00 -4.163382e+00
75             3.470451e+01 7.101770e+01 -4.209928e+00 3.485817e+01 7.241819e+01 -1.625935e-02 -1.536574e-01 -1.400486e+00 -4.193669e+00
100            5.399526e+01 9.975383e+01 4.064714e+01 5.411201e+01 1.010886e+02 4.489052e+01 -1.167531e-01 -1.334812e+00 -4.243374e+00
125            2.830712e+01 7.320607e+01 3.226846e+01 2.838465e+01 7.443741e+01 3.660883e+01 -7.753157e-02 -1.231338e+00 -4.340372e+00
150            -1.651167e+01 -2.719246e+00 -9.384426e+01 -1.646372e+01 -1.544724e+00 -8.945374e+01 -4.794926e-02 -1.174522e+00 -4.390518e+00
175            5.040126e+01 1.095353e+02 1.453447e+02 5.044561e+01 1.106972e+02 1.497394e+02 -4.434433e-02 -1.161810e+00 -4.394729e+00
200            -4.314281e+01 -7.453357e+01 -3.261446e+02 -4.310036e+01 -7.337877e+01 -3.217468e+02 -4.244781e-02 -1.154798e+00 -4.397740e+00
225            3.342724e+01 8.974746e+01 1.194520e+02 3.346849e+01 9.089780e+01 1.238521e+02 -4.125030e-02 -1.150332e+00 -4.400055e+00
250            1.960639e+00 2.017402e+01 -8.049090e+01 2.001172e+00 2.132196e+01 -7.609070e+01 -4.053283e-02 -1.147943e+00 -4.400194e+00
275            3.676449e+01 9.424116e+01 1.282703e+02 3.680430e+01 9.538651e+01 1.326719e+02 -3.980786e-02 -1.145358e+00 -4.401578e+00
300            -5.561213e+00 4.596274e+00 -1.245009e+02 -5.521903e+00 5.739988e+00 -1.200989e+02 -3.931055e-02 -1.143714e+00 -4.401924e+00
325            3.302144e+01 8.561331e+01 1.101133e+02 3.306030e+01 8.675546e+01 1.145160e+02 -3.886341e-02 -1.142150e+00 -4.402673e+00
350            -1.238874e+01 -7.260349e+00 -1.454151e+02 -1.235026e+01 -6.119504e+00 -1.410119e+02 -3.847922e-02 -1.140845e+00 -4.403180e+00
375            5.028142e+01 1.180372e+02 2.111121e+02 5.031962e+01 1.191771e+02 2.155155e+02 -3.819774e-02 -1.139894e+00 -4.403388e+00
400            -1.254077e+01 -8.839910e+00 -1.385581e+02 -1.250281e+01 -7.700811e+00 -1.341545e+02 -3.796448e-02 -1.139099e+00 -4.403610e+00
425            3.479263e+01 8.718023e+01 1.200918e+02 3.483036e+01 8.831852e+01 1.244958e+02 -3.773324e-02 -1.138290e+00 -4.404015e+00
450            -3.687366e+00 9.612072e+00 -9.516625e+01 -3.649874e+00 1.074953e+01 -9.076177e+01 -3.749226e-02 -1.137459e+00 -4.404481e+00
475            3.621713e+01 8.973267e+01 1.229121e+02 3.625439e+01 9.086935e+01 1.273170e+02 -3.726278e-02 -1.136680e+00 -4.404891e+00
500            -2.988506e+00 1.128087e+01 -8.858595e+01 -2.951459e+00 1.241682e+01 -8.418067e+01 -3.704658e-02 -1.135952e+00 -4.405281e+00
525            3.136444e+01 8.101667e+01 1.000788e+02 3.140127e+01 8.215190e+01 1.044845e+02 -3.683249e-02 -1.135228e+00 -4.405722e+00
550            -4.297599e-01 1.745525e+01 -7.252531e+01 -3.931407e-01 1.858977e+01 -6.811914e+01 -3.661925e-02 -1.134513e+00 -4.406171e+00
575            2.974928e+01 7.887786e+01 9.691577e+01 2.978570e+01 8.001171e+01 1.013223e+02 -3.641874e-02 -1.133851e+00 -4.406577e+00
600            -1.639766e+00 1.590561e+01 -7.327754e+01 -1.603536e+00 1.703884e+01 -6.887059e+01 -3.622958e-02 -1.133230e+00 -4.406955e+00
625            2.825136e+01 7.664756e+01 9.370675e+01 2.828741e+01 7.778018e+01 9.811409e+01 -3.604785e-02 -1.132625e+00 -4.407338e+00
650            -3.207698e+00 1.316024e+01 -7.838538e+01 -3.171823e+00 1.429230e+01 -7.397769e+01 -3.587502e-02 -1.132054e+00 -4.407690e+00
675            2.756088e+01 7.542666e+01 9.150473e+01 2.759659e+01 7.655817e+01 9.591276e+01 -3.571104e-02 -1.131512e+00 -4.408032e+00
700            3.681033e+00 2.781696e+01 -4.059678e+01 3.716573e+00 2.894789e+01 -3.618829e+01 -3.553981e-02 -1.130931e+00 -4.408486e+00
